camera_matrix:
- - 938.8101148774626
  - 0.0
  - 506.48787647470647
- - 0.0
  - 938.1247965857146
  - 329.42377795617216
- - 0.0
  - 0.0
  - 1.0
dist_coefs:
- - 0.028049537376975946
  - -0.23876538115957585
  - -0.0029194446604347
  - 0.008014771654786266
  - 0.20082062512446452
rms: 0.4395964981757852
image_width: 960
image_height: 720
distortion_model: plumb_bob